RCAL=0.63;
RDCMAX=14.0;
RDCMIN=12.0;
TAUmin=2.3;
TAUmax=5.9;
FMAX=120;
FMIN=80;
RESRISEmin = -1.2;
RESRISEmax = 2.8;
TADDR1="tbd";
p=[ 0.00332153576,    87.3182479,    289.401213,   0.450137308,  -0.00117697422  ]';

